7 21 53 8 22 10 80 13 1 65 69 6 62 33 34 98 82 65 22 3
6 58 74 62 12 57 72 31 15 30 46 98 50 14 65 43 43 74 65 31
16 81 65 38 83 62 27 44 98 6 87 8 4 9 67 70 81 93 47 87 29
50 98 77 62 85 62 41 65 6 94 96 19 72 73 92 79 3
16 85 6 65 25 11 55 49 12 9 41 95 62 2 48 9 32 82 98 40 78 77
62 6 21 90 20 98 18 3 65 90 82 37 1 6 94
6 98 62 82 69 65 65 86 95 72 23 45
31 95 95 98 62 24 60 65 74 87 12 53 50 6 74 52 62 1
16 99 66 6 23 62 98 29 6 24 61 61 50 62 65 60 85 76
6 62 98 25 87 36 43 9 50 10 63 75 37 30 65
28 86 14 98 65 54 17 62 6 62 33 24 62 98 60 54 98 98
34 83 65 55 97 58 26 47 3 98 29 28 54 91 26 35 64 45 62 6 35
62 65 32 66 29 52 85 98 50 49 6 67 24 86 37 25 2 84 98
75 62 4 61 65 63 16 98 47 9 0 64 48 76 6 61 78 33 32 36 17
65 43 76 100 58 86 14 62 57 6 52 98
6 88 64 23 14 65 62 13 13 31 85 53 80 98 97 74 17 68
96 87 44 88 57 57 65 57 62 21 28 6 98
96 1 38 94 6 91 62 70 60 41 98 82 65 99
28 73 70 77 18 18 6 37 98 83 59 24 98 65 98 35 62
69 94 6 95 48 50 65 0 62 93 98 91 23 60 30 15 76 87
6 2 65 61 14 4 62 98 39 92 8 51
43 62 98 50 6 1 80 100 11 98 65 14 85 55
6 12 34 98 8 77 81 65 24 6 62 32 93 52 10 56
62 51 98 69 99 6 94 93 17 99 42 93 65
15 52 21 17 61 7 3 65 66 62 65 6 23 62 42 57 47 60 98 56 88 46 3 20